0,1
-1.1171623806750097,0.00036021691754801934
-0.9262526579183272,-0.00026438954629368506
0.10174000800424401,5.29727990214205e-05
0.7441629292108101,0.0003829127928177746
0.378400885688729,0.00019239646962271987
1.4675098719056061,0.0007014210554132684
1.0596791717218885,0.0004936043670528993
-0.40476864201517027,-0.00017871936549020286
0.32330709658156565,0.00013883615879756249
0.6137668621748585,0.00025985457710544775
0.5721252086601374,0.00023531101249066696
0.9215210313395701,0.0003734531922807066
0.4059765781872845,0.00016207647246200524
0.6296743986975745,0.0002475874891183067
0.34158974738269804,0.0001240409717937913
0.19036976672199868,6.570365914671662e-05
-1.0653290433136762,-0.00036130460654505123
-0.8131344387869088,-0.00027090705486212876
0.9829413036628535,0.0003216023627770222
-1.3760912567892443,-0.0004420110827083167
-0.6429273474183683,-0.0002026737736462258
-0.4475422648904465,-0.00013841063788392772
-0.08860241622233317,-2.6873549486589607e-05
0.5531434916315622,0.00029138822278042763
-1.853074060195172,-0.0009875179196385461
-0.5756586470756825,-0.000313829005021106
0.8835030407809812,0.0006238570266703558
0.75278835012544,0.0006310917104618346
0.1937157737424768,0.0001611709088996996
-1.1882455502247333,-0.0009735612112640332
-0.13413048786553985,-0.0001090478743208112
-0.15352832141612655,-0.00012287727987928012
-0.3508126788368225,-0.0002719238414065476
-0.19192885029432166,-0.00014756052497200947
-0.6964405146181818,-0.0005179359837126367
0.23528772208273865,0.00017203012169743088
-0.1048457690652207,-7.337854289658848e-05
0.9506924846269067,0.0005416399597347642
0.3205037328274419,0.00022231084145576686
0.38527793204059846,0.0002624356861427934
-0.006137112892902434,-4.103932011177251e-06
0.8145776071318305,0.0005396478294826603
0.9878379259693926,0.0006482914146503616
-0.4265865535279366,-0.0002693715889028615
-0.34363529034300616,-0.00021273688880223146
1.1220410535398098,0.0006876920658430729
0.7361013674648027,0.00044660345311430775
2.3740774266059015,0.0007059218382087886
0.5640508719865827,0.00014760008588095804
0.329148676997973,-0.00010066584496603204
0.6681075843166341,0.00017086770394960613
0.6207768657669388,-5.393813340802673e-05
1.84226080367252,-0.00018101904869232386
0.17543515141759572,-1.9230257328725166e-05
0.027928635974345417,-4.167956710095349e-06
0.6150602572595469,-9.87303463842118e-05
0.16579798749966757,-2.9415984738483873e-05
-0.16143676972992987,2.9550354744182847e-05
0.05301210064141989,-1.0001661028345578e-05
0.03686764867766506,-7.162837609866681e-06
-0.077687870722572,1.5529727704816053e-05
-0.7893782490873712,0.00016664970033556373
-0.24110809551651985,5.360217844357212e-05
0.5831926586722304,-0.00013291581173032255
0.6010233308096413,-0.00014705344636274447
-1.2765636509980376,0.00031946159234838686
-0.7123681680150777,0.0001822428912171265
-0.9072259282180677,0.00024219910519508888
-0.5603182573912097,0.00015270405847961403
-0.3653233533734146,0.0001015932793572477
-0.9828379683059634,0.0002787800864283348
-1.003999528244385,0.0002903576247289847
-0.5737206416127988,4.331669982243427e-05
0.8652058425338649,-6.0393205622692026e-05
1.0112071980236474,-6.481730893850314e-05
0.36671700275604935,3.351330256869208e-05
-1.3731192381623516,-0.0003430368527883036
-0.08820202532845849,-1.8906629566391903e-05
0.4864233344612203,8.994638770309716e-05
1.7584646419969063,0.0003148315150386965
0.5818350915306765,9.392805344244582e-05
-0.25497814530608554,-3.81750527704992e-05
-1.3324753925762969,-0.00019169982418828482
-0.7130602400410512,-9.424996818025992e-05
-1.418461649530388,-0.0001626567108364005
0.543721340119514,3.7064537635606495e-05
-0.7146708281341566,3.356506424568138e-05
-0.9523019391489116,-5.9398466214428726e-05
-0.256196705110554,-1.3013829829689448e-05
-1.31043147008219,-5.8987247144725464e-05
-0.38456152882011185,-1.5088265342355186e-05
0.6777583469978203,7.049974214151035e-06
-1.288225823039487,2.361512765986645e-05
0.10563468802385595,-2.542233934719777e-06
-1.1848208802059832,3.530420800969385e-05
0.2731346379614945,-1.1265936525118567e-05
-0.3840091996227072,-0.00032680592365284626
